The basis of element 0 :
3.30851e-13 -2.38681e-11 -312500 
4 -216.667 1.25375e+06 
-6 475 -1.885e+06 
4 -350 1.25875e+06 
-1 91.6667 -315000 

The basis of element 1 :
0.264493 -23.2869 -4202.7 
4.55781e-15 -1.72546e-13 18115.9 
1.35507 16.202 -26686.8 
-0.710145 9.26276 14641.7 
0.0326087 -0.69707 -673.308 
0.057971 -1.48078 -1194.85 

The basis of element 2 :
-0.21645 2.95159 -628.811 
0.786797 -30.399 3537.45 
7.19349e-16 4.45715e-15 -5411.26 
0.461039 28.291 2596.75 
-0.004329 -0.157418 -15.0359 
-0.00974026 -0.273022 -29.5263 
-0.017316 -0.413223 -49.567 

The basis of element 3 :
0.544643 33.0676 -3384.91 
-1.92347 -100.753 12526.7 
2.34056 64.0868 -15382.3 
2.5275e-17 -2.37953e-14 6377.55 
0.00127551 0.162476 1.48728 
0.00510204 0.522352 -13.4872 
0.0114796 1.07963 -41.7347 
0.0204082 1.83431 -83.2552 

The basis of element 4 :
1.4086 38.2443 -21935.7 
-4.32258 -99.3496 67503 
3.81874 55.9466 -59570.7 
0.0030722 -0.0317956 -45.2099 
-2.7057e-14 -8.01073e-13 15361 
0.0030722 0.275424 -33.0285 
0.0122888 0.794477 -167.337 
0.0276498 1.55716 -395.245 
0.0491551 2.56347 -716.752 

The basis of element 5 :
1.4086 38.2443 -21935.7 
-4.32258 -99.3496 67503 
3.81874 55.9466 -59570.7 
0.0030722 -0.0317956 -45.2099 
-1.01499e-13 -2.67514e-12 15361 
0.0030722 0.275424 -33.0285 
0.0122888 0.794477 -167.337 
0.0276498 1.55716 -395.245 
0.0491551 2.56347 -716.752 

The basis of element 6 :
1.4086 38.2443 -21935.7 
-4.32258 -99.3496 67503 
3.81874 55.9466 -59570.7 
0.0030722 -0.0317956 -45.2099 
-6.48506e-14 -2.71189e-12 15361 
0.0030722 0.275424 -33.0285 
0.0122888 0.794477 -167.337 
0.0276498 1.55716 -395.245 
0.0491551 2.56347 -716.752 

The basis of element 7 :
1.4086 38.2443 -21935.7 
-4.32258 -99.3496 67503 
3.81874 55.9466 -59570.7 
0.0030722 -0.0317956 -45.2099 
1.52526e-14 5.29149e-13 15361 
0.0030722 0.275424 -33.0285 
0.0122888 0.794477 -167.337 
0.0276498 1.55716 -395.245 
0.0491551 2.56347 -716.752 

The basis of element 8 :
1.4086 38.2443 -21935.7 
-4.32258 -99.3496 67503 
3.81874 55.9466 -59570.7 
0.0030722 -0.0317956 -45.2099 
-7.43936e-14 -2.19744e-12 15361 
0.0030722 0.275424 -33.0285 
0.0122888 0.794477 -167.337 
0.0276498 1.55716 -395.245 
0.0491551 2.56347 -716.752 

The basis of element 9 :
1.4086 38.2443 -21935.7 
-4.32258 -99.3496 67503 
3.81874 55.9466 -59570.7 
0.0030722 -0.0317956 -45.2099 
-2.7057e-14 -8.01073e-13 15361 
0.0030722 0.275424 -33.0285 
0.0122888 0.794477 -167.337 
0.0276498 1.55716 -395.245 
0.0491551 2.56347 -716.752 

The basis of element 10 :
1.4086 38.2443 -21935.7 
-4.32258 -99.3496 67503 
3.81874 55.9466 -59570.7 
0.0030722 -0.0317956 -45.2099 
-2.70223e-14 -7.86375e-13 15361 
0.0030722 0.275424 -33.0285 
0.0122888 0.794477 -167.337 
0.0276498 1.55716 -395.245 
0.0491551 2.56347 -716.752 

The basis of element 11 :
1.4086 38.2443 -21935.7 
-4.32258 -99.3496 67503 
3.81874 55.9466 -59570.7 
0.0030722 -0.0317956 -45.2099 
-3.99639e-14 -1.71239e-12 15361 
0.0030722 0.275424 -33.0285 
0.0122888 0.794477 -167.337 
0.0276498 1.55716 -395.245 
0.0491551 2.56347 -716.752 

The basis of element 12 :
1.4086 38.2443 -21935.7 
-4.32258 -99.3496 67503 
3.81874 55.9466 -59570.7 
0.0030722 -0.0317956 -45.2099 
-2.71988e-14 -1.20528e-12 15361 
0.0030722 0.275424 -33.0285 
0.0122888 0.794477 -167.337 
0.0276498 1.55716 -395.245 
0.0491551 2.56347 -716.752 

The basis of element 13 :
1.4086 38.2443 -21935.7 
-4.32258 -99.3496 67503 
3.81874 55.9466 -59570.7 
0.0030722 -0.0317956 -45.2099 
-7.82593e-14 -3.23369e-12 15361 
0.0030722 0.275424 -33.0285 
0.0122888 0.794477 -167.337 
0.0276498 1.55716 -395.245 
0.0491551 2.56347 -716.752 

The basis of element 14 :
1.4086 38.2443 -21935.7 
-4.32258 -99.3496 67503 
3.81874 55.9466 -59570.7 
0.0030722 -0.0317956 -45.2099 
-8.88762e-14 -2.57225e-12 15361 
0.0030722 0.275424 -33.0285 
0.0122888 0.794477 -167.337 
0.0276498 1.55716 -395.245 
0.0491551 2.56347 -716.752 

The basis of element 15 :
1.4086 38.2443 -21935.7 
-4.32258 -99.3496 67503 
3.81874 55.9466 -59570.7 
0.0030722 -0.0317956 -45.2099 
-2.66164e-14 -7.86375e-13 15361 
0.0030722 0.275424 -33.0285 
0.0122888 0.794477 -167.337 
0.0276498 1.55716 -395.245 
0.0491551 2.56347 -716.752 

The basis of element 16 :
1.4086 38.2443 -21935.7 
-4.32258 -99.3496 67503 
3.81874 55.9466 -59570.7 
0.0030722 -0.0317956 -45.2099 
-7.44283e-14 -2.21214e-12 15361 
0.0030722 0.275424 -33.0285 
0.0122888 0.794477 -167.337 
0.0276498 1.55716 -395.245 
0.0491551 2.56347 -716.752 

The basis of element 17 :
1.4086 38.2443 -21935.7 
-4.32258 -99.3496 67503 
3.81874 55.9466 -59570.7 
0.0030722 -0.0317956 -45.2099 
-1.25711e-13 -3.99067e-12 15361 
0.0030722 0.275424 -33.0285 
0.0122888 0.794477 -167.337 
0.0276498 1.55716 -395.245 
0.0491551 2.56347 -716.752 

The basis of element 18 :
1.4086 38.2443 -21935.7 
-4.32258 -99.3496 67503 
3.81874 55.9466 -59570.7 
0.0030722 -0.0317956 -45.2099 
-7.74739e-14 -2.81478e-12 15361 
0.0030722 0.275424 -33.0285 
0.0122888 0.794477 -167.337 
0.0276498 1.55716 -395.245 
0.0491551 2.56347 -716.752 

The basis of element 19 :
1.4086 38.2443 -21935.7 
-4.32258 -99.3496 67503 
3.81874 55.9466 -59570.7 
0.0030722 -0.0317956 -45.2099 
-2.3263e-14 -9.99504e-13 15361 
0.0030722 0.275424 -33.0285 
0.0122888 0.794477 -167.337 
0.0276498 1.55716 -395.245 
0.0491551 2.56347 -716.752 

The basis of element 20 :
1.4086 38.2443 -21935.7 
-4.32258 -99.3496 67503 
3.81874 55.9466 -59570.7 
0.0030722 -0.0317956 -45.2099 
-6.17877e-14 -2.1019e-12 15361 
0.0030722 0.275424 -33.0285 
0.0122888 0.794477 -167.337 
0.0276498 1.55716 -395.245 
0.0491551 2.56347 -716.752 

The basis of element 21 :
1.4086 38.2443 -21935.7 
-4.32258 -99.3496 67503 
3.81874 55.9466 -59570.7 
0.0030722 -0.0317956 -45.2099 
-5.28075e-14 -1.82263e-12 15361 
0.0030722 0.275424 -33.0285 
0.0122888 0.794477 -167.337 
0.0276498 1.55716 -395.245 
0.0491551 2.56347 -716.752 

The basis of element 22 :
1.4086 38.2443 -21935.7 
-4.32258 -99.3496 67503 
3.81874 55.9466 -59570.7 
0.0030722 -0.0317956 -45.2099 
-2.70223e-14 -7.86375e-13 15361 
0.0030722 0.275424 -33.0285 
0.0122888 0.794477 -167.337 
0.0276498 1.55716 -395.245 
0.0491551 2.56347 -716.752 

The basis of element 23 :
1.4086 38.2443 -21935.7 
-4.32258 -99.3496 67503 
3.81874 55.9466 -59570.7 
0.0030722 -0.0317956 -45.2099 
-3.99639e-14 -1.71239e-12 15361 
0.0030722 0.275424 -33.0285 
0.0122888 0.794477 -167.337 
0.0276498 1.55716 -395.245 
0.0491551 2.56347 -716.752 

The basis of element 24 :
1.4086 38.2443 -21935.7 
-4.32258 -99.3496 67503 
3.81874 55.9466 -59570.7 
0.0030722 -0.0317956 -45.2099 
-2.71988e-14 -1.20528e-12 15361 
0.0030722 0.275424 -33.0285 
0.0122888 0.794477 -167.337 
0.0276498 1.55716 -395.245 
0.0491551 2.56347 -716.752 

The basis of element 25 :
1.4086 38.2443 -21935.7 
-4.32258 -99.3496 67503 
3.81874 55.9466 -59570.7 
0.0030722 -0.0317956 -45.2099 
-8.88762e-14 -2.57225e-12 15361 
0.0030722 0.275424 -33.0285 
0.0122888 0.794477 -167.337 
0.0276498 1.55716 -395.245 
0.0491551 2.56347 -716.752 

The basis of element 26 :
1.4086 38.2443 -21935.7 
-4.32258 -99.3496 67503 
3.81874 55.9466 -59570.7 
0.0030722 -0.0317956 -45.2099 
-2.66164e-14 -7.86375e-13 15361 
0.0030722 0.275424 -33.0285 
0.0122888 0.794477 -167.337 
0.0276498 1.55716 -395.245 
0.0491551 2.56347 -716.752 

The basis of element 27 :
1.4086 38.2443 -21935.7 
-4.32258 -99.3496 67503 
3.81874 55.9466 -59570.7 
0.0030722 -0.0317956 -45.2099 
-7.44283e-14 -2.21214e-12 15361 
0.0030722 0.275424 -33.0285 
0.0122888 0.794477 -167.337 
0.0276498 1.55716 -395.245 
0.0491551 2.56347 -716.752 

The basis of element 28 :
1.4086 38.2443 -21935.7 
-4.32258 -99.3496 67503 
3.81874 55.9466 -59570.7 
0.0030722 -0.0317956 -45.2099 
-7.43936e-14 -2.19744e-12 15361 
0.0030722 0.275424 -33.0285 
0.0122888 0.794477 -167.337 
0.0276498 1.55716 -395.245 
0.0491551 2.56347 -716.752 

The basis of element 29 :
1.4086 38.2443 -21935.7 
-4.32258 -99.3496 67503 
3.81874 55.9466 -59570.7 
0.0030722 -0.0317956 -45.2099 
-2.7057e-14 -8.01073e-13 15361 
0.0030722 0.275424 -33.0285 
0.0122888 0.794477 -167.337 
0.0276498 1.55716 -395.245 
0.0491551 2.56347 -716.752 

The basis of element 30 :
1.4086 38.2443 -21935.7 
-4.32258 -99.3496 67503 
3.81874 55.9466 -59570.7 
0.0030722 -0.0317956 -45.2099 
-2.70223e-14 -7.86375e-13 15361 
0.0030722 0.275424 -33.0285 
0.0122888 0.794477 -167.337 
0.0276498 1.55716 -395.245 
0.0491551 2.56347 -716.752 

The basis of element 31 :
1.4086 38.2443 -21935.7 
-4.32258 -99.3496 67503 
3.81874 55.9466 -59570.7 
0.0030722 -0.0317956 -45.2099 
8.3116e-16 -2.49876e-13 15361 
0.0030722 0.275424 -33.0285 
0.0122888 0.794477 -167.337 
0.0276498 1.55716 -395.245 
0.0491551 2.56347 -716.752 

The basis of element 32 :
1.4086 38.2443 -21935.7 
-4.32258 -99.3496 67503 
3.81874 55.9466 -59570.7 
0.0030722 -0.0317956 -45.2099 
3.75747e-14 1.34492e-12 15361 
0.0030722 0.275424 -33.0285 
0.0122888 0.794477 -167.337 
0.0276498 1.55716 -395.245 
0.0491551 2.56347 -716.752 

The basis of element 33 :
1.4086 38.2443 -21935.7 
-4.32258 -99.3496 67503 
3.81874 55.9466 -59570.7 
0.0030722 -0.0317956 -45.2099 
-7.44283e-14 -2.21214e-12 15361 
0.0030722 0.275424 -33.0285 
0.0122888 0.794477 -167.337 
0.0276498 1.55716 -395.245 
0.0491551 2.56347 -716.752 

The basis of element 34 :
1.4086 38.2443 -21935.7 
-4.32258 -99.3496 67503 
3.81874 55.9466 -59570.7 
0.0030722 -0.0317956 -45.2099 
-7.43936e-14 -2.19744e-12 15361 
0.0030722 0.275424 -33.0285 
0.0122888 0.794477 -167.337 
0.0276498 1.55716 -395.245 
0.0491551 2.56347 -716.752 

The basis of element 35 :
1.4086 38.2443 -21935.7 
-4.32258 -99.3496 67503 
3.81874 55.9466 -59570.7 
0.0030722 -0.0317956 -45.2099 
-2.7057e-14 -8.01073e-13 15361 
0.0030722 0.275424 -33.0285 
0.0122888 0.794477 -167.337 
0.0276498 1.55716 -395.245 
0.0491551 2.56347 -716.752 

The basis of element 36 :
1.4086 38.2443 -21935.7 
-4.32258 -99.3496 67503 
3.81874 55.9466 -59570.7 
0.0030722 -0.0317956 -45.2099 
-2.70223e-14 -7.86375e-13 15361 
0.0030722 0.275424 -33.0285 
0.0122888 0.794477 -167.337 
0.0276498 1.55716 -395.245 
0.0491551 2.56347 -716.752 

The basis of element 37 :
1.4086 38.2443 -21935.7 
-4.32258 -99.3496 67503 
3.81874 55.9466 -59570.7 
0.0030722 -0.0317956 -45.2099 
8.3116e-16 -2.49876e-13 15361 
0.0030722 0.275424 -33.0285 
0.0122888 0.794477 -167.337 
0.0276498 1.55716 -395.245 
0.0491551 2.56347 -716.752 

The basis of element 38 :
1.4086 38.2443 -21935.7 
-4.32258 -99.3496 67503 
3.81874 55.9466 -59570.7 
0.0030722 -0.0317956 -45.2099 
3.75747e-14 1.34492e-12 15361 
0.0030722 0.275424 -33.0285 
0.0122888 0.794477 -167.337 
0.0276498 1.55716 -395.245 
0.0491551 2.56347 -716.752 

The basis of element 39 :
1.4086 38.2443 -21935.7 
-4.32258 -99.3496 67503 
3.81874 55.9466 -59570.7 
0.0030722 -0.0317956 -45.2099 
-7.44283e-14 -2.21214e-12 15361 
0.0030722 0.275424 -33.0285 
0.0122888 0.794477 -167.337 
0.0276498 1.55716 -395.245 
0.0491551 2.56347 -716.752 

The basis of element 40 :
1.4086 38.2443 -21935.7 
-4.32258 -99.3496 67503 
3.81874 55.9466 -59570.7 
0.0030722 -0.0317956 -45.2099 
-7.43936e-14 -2.19744e-12 15361 
0.0030722 0.275424 -33.0285 
0.0122888 0.794477 -167.337 
0.0276498 1.55716 -395.245 
0.0491551 2.56347 -716.752 

The basis of element 41 :
1.4086 38.2443 -21935.7 
-4.32258 -99.3496 67503 
3.81874 55.9466 -59570.7 
0.0030722 -0.0317956 -45.2099 
-2.7057e-14 -8.01073e-13 15361 
0.0030722 0.275424 -33.0285 
0.0122888 0.794477 -167.337 
0.0276498 1.55716 -395.245 
0.0491551 2.56347 -716.752 

The basis of element 42 :
1.4086 38.2443 -21935.7 
-4.32258 -99.3496 67503 
3.81874 55.9466 -59570.7 
0.0030722 -0.0317956 -45.2099 
-2.70223e-14 -7.86375e-13 15361 
0.0030722 0.275424 -33.0285 
0.0122888 0.794477 -167.337 
0.0276498 1.55716 -395.245 
0.0491551 2.56347 -716.752 

The basis of element 43 :
1.4086 38.2443 -21935.7 
-4.32258 -99.3496 67503 
3.81874 55.9466 -59570.7 
0.0030722 -0.0317956 -45.2099 
8.3116e-16 -2.49876e-13 15361 
0.0030722 0.275424 -33.0285 
0.0122888 0.794477 -167.337 
0.0276498 1.55716 -395.245 
0.0491551 2.56347 -716.752 

The basis of element 44 :
1.4086 38.2443 -21935.7 
-4.32258 -99.3496 67503 
3.81874 55.9466 -59570.7 
0.0030722 -0.0317956 -45.2099 
3.75747e-14 1.34492e-12 15361 
0.0030722 0.275424 -33.0285 
0.0122888 0.794477 -167.337 
0.0276498 1.55716 -395.245 
0.0491551 2.56347 -716.752 

The basis of element 45 :
1.4086 38.2443 -21935.7 
-4.32258 -99.3496 67503 
3.81874 55.9466 -59570.7 
0.0030722 -0.0317956 -45.2099 
-7.44283e-14 -2.21214e-12 15361 
0.0030722 0.275424 -33.0285 
0.0122888 0.794477 -167.337 
0.0276498 1.55716 -395.245 
0.0491551 2.56347 -716.752 

The basis of element 46 :
1.4086 38.2443 -21935.7 
-4.32258 -99.3496 67503 
3.81874 55.9466 -59570.7 
0.0030722 -0.0317956 -45.2099 
-7.43936e-14 -2.19744e-12 15361 
0.0030722 0.275424 -33.0285 
0.0122888 0.794477 -167.337 
0.0276498 1.55716 -395.245 
0.0491551 2.56347 -716.752 

The basis of element 47 :
1.4086 38.2443 -21935.7 
-4.32258 -99.3496 67503 
3.81874 55.9466 -59570.7 
0.0030722 -0.0317956 -45.2099 
-2.7057e-14 -8.01073e-13 15361 
0.0030722 0.275424 -33.0285 
0.0122888 0.794477 -167.337 
0.0276498 1.55716 -395.245 
0.0491551 2.56347 -716.752 

The basis of element 48 :
1.4086 38.2443 -21935.7 
-4.32258 -99.3496 67503 
3.81874 55.9466 -59570.7 
0.0030722 -0.0317956 -45.2099 
-2.70223e-14 -7.86375e-13 15361 
0.0030722 0.275424 -33.0285 
0.0122888 0.794477 -167.337 
0.0276498 1.55716 -395.245 
0.0491551 2.56347 -716.752 

The basis of element 49 :
1.4086 38.2443 -21935.7 
-4.32258 -99.3496 67503 
3.81874 55.9466 -59570.7 
0.0030722 -0.0317956 -45.2099 
-3.99639e-14 -1.71239e-12 15361 
0.0030722 0.275424 -33.0285 
0.0122888 0.794477 -167.337 
0.0276498 1.55716 -395.245 
0.0491551 2.56347 -716.752 

The basis of element 50 :
1.4086 38.2443 -21935.7 
-4.32258 -99.3496 67503 
3.81874 55.9466 -59570.7 
0.0030722 -0.0317956 -45.2099 
-2.71988e-14 -1.20528e-12 15361 
0.0030722 0.275424 -33.0285 
0.0122888 0.794477 -167.337 
0.0276498 1.55716 -395.245 
0.0491551 2.56347 -716.752 

The basis of element 51 :
1.4086 38.2443 -21935.7 
-4.32258 -99.3496 67503 
3.81874 55.9466 -59570.7 
0.0030722 -0.0317956 -45.2099 
-7.82593e-14 -3.23369e-12 15361 
0.0030722 0.275424 -33.0285 
0.0122888 0.794477 -167.337 
0.0276498 1.55716 -395.245 
0.0491551 2.56347 -716.752 

The basis of element 52 :
1.4086 38.2443 -21935.7 
-4.32258 -99.3496 67503 
3.81874 55.9466 -59570.7 
0.0030722 -0.0317956 -45.2099 
-7.82593e-14 -3.23369e-12 15361 
0.0030722 0.275424 -33.0285 
0.0122888 0.794477 -167.337 
0.0276498 1.55716 -395.245 
0.0491551 2.56347 -716.752 

The basis of element 53 :
1.4086 38.2443 -21935.7 
-4.32258 -99.3496 67503 
3.81874 55.9466 -59570.7 
0.0030722 -0.0317956 -45.2099 
-2.47357e-14 -1.02155e-12 15361 
0.0030722 0.275424 -33.0285 
0.0122888 0.794477 -167.337 
0.0276498 1.55716 -395.245 
0.0491551 2.56347 -716.752 

The basis of element 54 :
1.4086 38.2443 -21935.7 
-4.32258 -99.3496 67503 
3.81874 55.9466 -59570.7 
0.0030722 -0.0317956 -45.2099 
-5.3494e-14 -2.28563e-12 15361 
0.0030722 0.275424 -33.0285 
0.0122888 0.794477 -167.337 
0.0276498 1.55716 -395.245 
0.0491551 2.56347 -716.752 

The basis of element 55 :
1.4086 38.2443 -21935.7 
-4.32258 -99.3496 67503 
3.81874 55.9466 -59570.7 
0.0030722 -0.0317956 -45.2099 
-5.98949e-14 -2.41792e-12 15361 
0.0030722 0.275424 -33.0285 
0.0122888 0.794477 -167.337 
0.0276498 1.55716 -395.245 
0.0491551 2.56347 -716.752 

The basis of element 56 :
1.4086 38.2443 -21935.7 
-4.32258 -99.3496 67503 
3.81874 55.9466 -59570.7 
0.0030722 -0.0317956 -45.2099 
-7.19124e-14 -2.86623e-12 15361 
0.0030722 0.275424 -33.0285 
0.0122888 0.794477 -167.337 
0.0276498 1.55716 -395.245 
0.0491551 2.56347 -716.752 

The basis of element 57 :
1.4086 38.2443 -21935.7 
-4.32258 -99.3496 67503 
3.81874 55.9466 -59570.7 
0.0030722 -0.0317956 -45.2099 
-8.97126e-16 -5.95293e-13 15361 
0.0030722 0.275424 -33.0285 
0.0122888 0.794477 -167.337 
0.0276498 1.55716 -395.245 
0.0491551 2.56347 -716.752 

The basis of element 58 :
1.4086 38.2443 -21935.7 
-4.32258 -99.3496 67503 
3.81874 55.9466 -59570.7 
0.0030722 -0.0317956 -45.2099 
-1.44337e-14 -6.98183e-13 15361 
0.0030722 0.275424 -33.0285 
0.0122888 0.794477 -167.337 
0.0276498 1.55716 -395.245 
0.0491551 2.56347 -716.752 

The basis of element 59 :
1.4086 38.2443 -21935.7 
-4.32258 -99.3496 67503 
3.81874 55.9466 -59570.7 
0.0030722 -0.0317956 -45.2099 
-2.72426e-14 -7.93724e-13 15361 
0.0030722 0.275424 -33.0285 
0.0122888 0.794477 -167.337 
0.0276498 1.55716 -395.245 
0.0491551 2.56347 -716.752 

The basis of element 60 :
1.4086 38.2443 -21935.7 
-4.32258 -99.3496 67503 
3.81874 55.9466 -59570.7 
0.0030722 -0.0317956 -45.2099 
-1.71236e-15 2.20479e-13 15361 
0.0030722 0.275424 -33.0285 
0.0122888 0.794477 -167.337 
0.0276498 1.55716 -395.245 
0.0491551 2.56347 -716.752 

The basis of element 61 :
1.4086 38.2443 -21935.7 
-4.32258 -99.3496 67503 
3.81874 55.9466 -59570.7 
0.0030722 -0.0317956 -45.2099 
-7.82593e-14 -3.23369e-12 15361 
0.0030722 0.275424 -33.0285 
0.0122888 0.794477 -167.337 
0.0276498 1.55716 -395.245 
0.0491551 2.56347 -716.752 

The basis of element 62 :
1.4086 38.2443 -21935.7 
-4.32258 -99.3496 67503 
3.81874 55.9466 -59570.7 
0.0030722 -0.0317956 -45.2099 
-7.82593e-14 -3.23369e-12 15361 
0.0030722 0.275424 -33.0285 
0.0122888 0.794477 -167.337 
0.0276498 1.55716 -395.245 
0.0491551 2.56347 -716.752 

The basis of element 63 :
1.4086 38.2443 -21935.7 
-4.32258 -99.3496 67503 
3.81874 55.9466 -59570.7 
0.0030722 -0.0317956 -45.2099 
-7.82593e-14 -3.23369e-12 15361 
0.0030722 0.275424 -33.0285 
0.0122888 0.794477 -167.337 
0.0276498 1.55716 -395.245 
0.0491551 2.56347 -716.752 

The basis of element 64 :
1.4086 38.2443 -21935.7 
-4.32258 -99.3496 67503 
3.81874 55.9466 -59570.7 
0.0030722 -0.0317956 -45.2099 
-7.82593e-14 -3.23369e-12 15361 
0.0030722 0.275424 -33.0285 
0.0122888 0.794477 -167.337 
0.0276498 1.55716 -395.245 
0.0491551 2.56347 -716.752 

The basis of element 65 :
1.4086 38.2443 -21935.7 
-4.32258 -99.3496 67503 
3.81874 55.9466 -59570.7 
0.0030722 -0.0317956 -45.2099 
-2.47357e-14 -1.02155e-12 15361 
0.0030722 0.275424 -33.0285 
0.0122888 0.794477 -167.337 
0.0276498 1.55716 -395.245 
0.0491551 2.56347 -716.752 

The basis of element 66 :
1.4086 38.2443 -21935.7 
-4.32258 -99.3496 67503 
3.81874 55.9466 -59570.7 
0.0030722 -0.0317956 -45.2099 
-5.3494e-14 -2.28563e-12 15361 
0.0030722 0.275424 -33.0285 
0.0122888 0.794477 -167.337 
0.0276498 1.55716 -395.245 
0.0491551 2.56347 -716.752 

The basis of element 67 :
1.4086 38.2443 -21935.7 
-4.32258 -99.3496 67503 
3.81874 55.9466 -59570.7 
0.0030722 -0.0317956 -45.2099 
-5.98949e-14 -2.41792e-12 15361 
0.0030722 0.275424 -33.0285 
0.0122888 0.794477 -167.337 
0.0276498 1.55716 -395.245 
0.0491551 2.56347 -716.752 

The basis of element 68 :
1.4086 38.2443 -21935.7 
-4.32258 -99.3496 67503 
3.81874 55.9466 -59570.7 
0.0030722 -0.0317956 -45.2099 
-7.19124e-14 -2.86623e-12 15361 
0.0030722 0.275424 -33.0285 
0.0122888 0.794477 -167.337 
0.0276498 1.55716 -395.245 
0.0491551 2.56347 -716.752 

The basis of element 69 :
1.4086 38.2443 -21935.7 
-4.32258 -99.3496 67503 
3.81874 55.9466 -59570.7 
0.0030722 -0.0317956 -45.2099 
-8.97126e-16 -5.95293e-13 15361 
0.0030722 0.275424 -33.0285 
0.0122888 0.794477 -167.337 
0.0276498 1.55716 -395.245 
0.0491551 2.56347 -716.752 

The basis of element 70 :
1.4086 38.2443 -21935.7 
-4.32258 -99.3496 67503 
3.81874 55.9466 -59570.7 
0.0030722 -0.0317956 -45.2099 
-1.44337e-14 -6.98183e-13 15361 
0.0030722 0.275424 -33.0285 
0.0122888 0.794477 -167.337 
0.0276498 1.55716 -395.245 
0.0491551 2.56347 -716.752 

The basis of element 71 :
1.4086 38.2443 -21935.7 
-4.32258 -99.3496 67503 
3.81874 55.9466 -59570.7 
0.0030722 -0.0317956 -45.2099 
-2.72426e-14 -7.93724e-13 15361 
0.0030722 0.275424 -33.0285 
0.0122888 0.794477 -167.337 
0.0276498 1.55716 -395.245 
0.0491551 2.56347 -716.752 

The basis of element 72 :
1.4086 38.2443 -21935.7 
-4.32258 -99.3496 67503 
3.81874 55.9466 -59570.7 
0.0030722 -0.0317956 -45.2099 
-1.71236e-15 2.20479e-13 15361 
0.0030722 0.275424 -33.0285 
0.0122888 0.794477 -167.337 
0.0276498 1.55716 -395.245 
0.0491551 2.56347 -716.752 

The basis of element 73 :
1.4086 38.2443 -21935.7 
-4.32258 -99.3496 67503 
3.81874 55.9466 -59570.7 
0.0030722 -0.0317956 -45.2099 
-7.82593e-14 -3.23369e-12 15361 
0.0030722 0.275424 -33.0285 
0.0122888 0.794477 -167.337 
0.0276498 1.55716 -395.245 
0.0491551 2.56347 -716.752 

The basis of element 74 :
1.4086 38.2443 -21935.7 
-4.32258 -99.3496 67503 
3.81874 55.9466 -59570.7 
0.0030722 -0.0317956 -45.2099 
-7.82593e-14 -3.23369e-12 15361 
0.0030722 0.275424 -33.0285 
0.0122888 0.794477 -167.337 
0.0276498 1.55716 -395.245 
0.0491551 2.56347 -716.752 

The basis of element 75 :
1.4086 38.2443 -21935.7 
-4.32258 -99.3496 67503 
3.81874 55.9466 -59570.7 
0.0030722 -0.0317956 -45.2099 
-7.82593e-14 -3.23369e-12 15361 
0.0030722 0.275424 -33.0285 
0.0122888 0.794477 -167.337 
0.0276498 1.55716 -395.245 
0.0491551 2.56347 -716.752 

The basis of element 76 :
1.4086 38.2443 -21935.7 
-4.32258 -99.3496 67503 
3.81874 55.9466 -59570.7 
0.0030722 -0.0317956 -45.2099 
-7.82593e-14 -3.23369e-12 15361 
0.0030722 0.275424 -33.0285 
0.0122888 0.794477 -167.337 
0.0276498 1.55716 -395.245 
0.0491551 2.56347 -716.752 

The basis of element 77 :
1.4086 38.2443 -21935.7 
-4.32258 -99.3496 67503 
3.81874 55.9466 -59570.7 
0.0030722 -0.0317956 -45.2099 
-7.82593e-14 -3.23369e-12 15361 
0.0030722 0.275424 -33.0285 
0.0122888 0.794477 -167.337 
0.0276498 1.55716 -395.245 
0.0491551 2.56347 -716.752 

The basis of element 78 :
1.4086 38.2443 -21935.7 
-4.32258 -99.3496 67503 
3.81874 55.9466 -59570.7 
0.0030722 -0.0317956 -45.2099 
-2.47357e-14 -1.02155e-12 15361 
0.0030722 0.275424 -33.0285 
0.0122888 0.794477 -167.337 
0.0276498 1.55716 -395.245 
0.0491551 2.56347 -716.752 

The basis of element 79 :
1.4086 38.2443 -21935.7 
-4.32258 -99.3496 67503 
3.81874 55.9466 -59570.7 
0.0030722 -0.0317956 -45.2099 
-5.3494e-14 -2.28563e-12 15361 
0.0030722 0.275424 -33.0285 
0.0122888 0.794477 -167.337 
0.0276498 1.55716 -395.245 
0.0491551 2.56347 -716.752 

The basis of element 80 :
1.4086 38.2443 -21935.7 
-4.32258 -99.3496 67503 
3.81874 55.9466 -59570.7 
0.0030722 -0.0317956 -45.2099 
-5.98949e-14 -2.41792e-12 15361 
0.0030722 0.275424 -33.0285 
0.0122888 0.794477 -167.337 
0.0276498 1.55716 -395.245 
0.0491551 2.56347 -716.752 

The basis of element 81 :
1.4086 38.2443 -21935.7 
-4.32258 -99.3496 67503 
3.81874 55.9466 -59570.7 
0.0030722 -0.0317956 -45.2099 
-7.19124e-14 -2.86623e-12 15361 
0.0030722 0.275424 -33.0285 
0.0122888 0.794477 -167.337 
0.0276498 1.55716 -395.245 
0.0491551 2.56347 -716.752 

The basis of element 82 :
1.4086 38.2443 -21935.7 
-4.32258 -99.3496 67503 
3.81874 55.9466 -59570.7 
0.0030722 -0.0317956 -45.2099 
-8.97126e-16 -5.95293e-13 15361 
0.0030722 0.275424 -33.0285 
0.0122888 0.794477 -167.337 
0.0276498 1.55716 -395.245 
0.0491551 2.56347 -716.752 

The basis of element 83 :
1.4086 38.2443 -21935.7 
-4.32258 -99.3496 67503 
3.81874 55.9466 -59570.7 
0.0030722 -0.0317956 -45.2099 
-1.44337e-14 -6.98183e-13 15361 
0.0030722 0.275424 -33.0285 
0.0122888 0.794477 -167.337 
0.0276498 1.55716 -395.245 
0.0491551 2.56347 -716.752 

The basis of element 84 :
1.4086 38.2443 -21935.7 
-4.32258 -99.3496 67503 
3.81874 55.9466 -59570.7 
0.0030722 -0.0317956 -45.2099 
-2.72426e-14 -7.93724e-13 15361 
0.0030722 0.275424 -33.0285 
0.0122888 0.794477 -167.337 
0.0276498 1.55716 -395.245 
0.0491551 2.56347 -716.752 

The basis of element 85 :
1.4086 38.2443 -21935.7 
-4.32258 -99.3496 67503 
3.81874 55.9466 -59570.7 
0.0030722 -0.0317956 -45.2099 
-1.71236e-15 2.20479e-13 15361 
0.0030722 0.275424 -33.0285 
0.0122888 0.794477 -167.337 
0.0276498 1.55716 -395.245 
0.0491551 2.56347 -716.752 

The basis of element 86 :
1.4086 38.2443 -21935.7 
-4.32258 -99.3496 67503 
3.81874 55.9466 -59570.7 
0.0030722 -0.0317956 -45.2099 
-7.82593e-14 -3.23369e-12 15361 
0.0030722 0.275424 -33.0285 
0.0122888 0.794477 -167.337 
0.0276498 1.55716 -395.245 
0.0491551 2.56347 -716.752 

The basis of element 87 :
1.4086 38.2443 -21935.7 
-4.32258 -99.3496 67503 
3.81874 55.9466 -59570.7 
0.0030722 -0.0317956 -45.2099 
-7.82593e-14 -3.23369e-12 15361 
0.0030722 0.275424 -33.0285 
0.0122888 0.794477 -167.337 
0.0276498 1.55716 -395.245 
0.0491551 2.56347 -716.752 

The basis of element 88 :
1.4086 38.2443 -21935.7 
-4.32258 -99.3496 67503 
3.81874 55.9466 -59570.7 
0.0030722 -0.0317956 -45.2099 
-7.82593e-14 -3.23369e-12 15361 
0.0030722 0.275424 -33.0285 
0.0122888 0.794477 -167.337 
0.0276498 1.55716 -395.245 
0.0491551 2.56347 -716.752 

The basis of element 89 :
1.4086 38.2443 -21935.7 
-4.32258 -99.3496 67503 
3.81874 55.9466 -59570.7 
0.0030722 -0.0317956 -45.2099 
-7.82593e-14 -3.23369e-12 15361 
0.0030722 0.275424 -33.0285 
0.0122888 0.794477 -167.337 
0.0276498 1.55716 -395.245 
0.0491551 2.56347 -716.752 

The basis of element 90 :
1.4086 38.2443 -21935.7 
-4.32258 -99.3496 67503 
3.81874 55.9466 -59570.7 
0.0030722 -0.0317956 -45.2099 
-2.47357e-14 -1.02155e-12 15361 
0.0030722 0.275424 -33.0285 
0.0122888 0.794477 -167.337 
0.0276498 1.55716 -395.245 
0.0491551 2.56347 -716.752 

The basis of element 91 :
1.4086 38.2443 -21935.7 
-4.32258 -99.3496 67503 
3.81874 55.9466 -59570.7 
0.0030722 -0.0317956 -45.2099 
-5.3494e-14 -2.28563e-12 15361 
0.0030722 0.275424 -33.0285 
0.0122888 0.794477 -167.337 
0.0276498 1.55716 -395.245 
0.0491551 2.56347 -716.752 

The basis of element 92 :
1.4086 38.2443 -21935.7 
-4.32258 -99.3496 67503 
3.81874 55.9466 -59570.7 
0.0030722 -0.0317956 -45.2099 
-5.98949e-14 -2.41792e-12 15361 
0.0030722 0.275424 -33.0285 
0.0122888 0.794477 -167.337 
0.0276498 1.55716 -395.245 
0.0491551 2.56347 -716.752 

The basis of element 93 :
1.4086 38.2443 -21935.7 
-4.32258 -99.3496 67503 
3.81874 55.9466 -59570.7 
0.0030722 -0.0317956 -45.2099 
-7.19124e-14 -2.86623e-12 15361 
0.0030722 0.275424 -33.0285 
0.0122888 0.794477 -167.337 
0.0276498 1.55716 -395.245 
0.0491551 2.56347 -716.752 

The basis of element 94 :
1.4086 38.2443 -21935.7 
-4.32258 -99.3496 67503 
3.81874 55.9466 -59570.7 
0.0030722 -0.0317956 -45.2099 
-8.97126e-16 -5.95293e-13 15361 
0.0030722 0.275424 -33.0285 
0.0122888 0.794477 -167.337 
0.0276498 1.55716 -395.245 
0.0491551 2.56347 -716.752 

The basis of element 95 :
1.4086 38.2443 -21935.7 
-4.32258 -99.3496 67503 
3.81874 55.9466 -59570.7 
0.0030722 -0.0317956 -45.2099 
-1.44337e-14 -6.98183e-13 15361 
0.0030722 0.275424 -33.0285 
0.0122888 0.794477 -167.337 
0.0276498 1.55716 -395.245 
0.0491551 2.56347 -716.752 

The basis of element 96 :
1.2069 27.3979 -59960.3 
-3.7734 -69.938 187562 
3.41872 34.8749 -169748 
0.00985222 -0.145801 -479.386 
-5.7461e-14 -3.10973e-12 49261.1 
0.00985222 0.83942 -444.705 
0.0394089 2.37246 -1887.39 
0.08867 4.59912 -4303.43 

The basis of element 97 :
0.934066 13.7715 -206066 
-2.98901 -31.6145 659388 
2.79121 6.26233 -615417 
0.043956 -1.00028 -9639.12 
-4.29803e-13 -1.23609e-11 219780 
0.043956 3.39532 -9519.37 
0.175824 9.18569 -38526.9 

The basis of element 98 :
0.454545 0.344353 -827407 
-1.45455 4.95868 2.64761e+06 
1.27273 -14.9449 -2.31635e+06 
0.363636 -13.3609 -661254 
1.69538e-16 -2.23977e-11 1.81818e+06 
0.363636 23.0028 -660772 

The basis of element 99 :
-1 -91.6667 1.99975e+07 
4 350 -7.99912e+07 
-6 -475 1.1999e+08 
4 216.667 -7.99962e+07 
8.47031e-11 8.14562e-09 2e+07 

